,1,2022-04-29 00:00:00,VN30-Index,1400.88,1400.88,1417.31,1417.31,1394.17,0,16.43,1.17,128034900,5621703,35900837,2852420,163935737,8474123,3718404139
,2,2022-04-28 00:00:00,VN30-Index,1402.03,1400.6,1400.88,1407.82,1392.24,0,-1.15,-0.08,91674500,4170320,9482272,545003,101156772,4715323,3690307012
,3,2022-04-27 00:00:00,VN30-Index,1396.9,1394.85,1402.03,1407.7,1362.87,0,5.13,0.37,108117400,4840200,13455606,1058928.8584,121173006,5855928,3710340911
,4,2022-04-26 00:00:00,VN30-Index,1366.39,1347.83,1396.9,1397.43,1318.5,0,30.51,2.23,181776700,7889828,30078020,1222753,211854720,9112581,3685286462
,5,2022-04-25 00:00:00,VN30-Index,1444.32,1444.79,1366.39,1445.62,1356.36,0,-77.93,-5.4,202426300,8650694,29116195,1494997,231542495,10145691,3603833723
,6,2022-04-22 00:00:00,VN30-Index,1426.87,1439.32,1444.32,1455.15,1419.05,0,17.45,1.22,150755100,7489483,11730900,1267471,162486000,8756954,3777389571
,7,2022-04-21 00:00:00,VN30-Index,1435.5,1434.77,1426.87,1452.41,1422.7,0,-8.63,-0.6,172358900,7789247,28430589,903905,200789489,8693152,3723604240
,8,2022-04-20 00:00:00,VN30-Index,1440.61,1440.9,1435.5,1453.81,1434.87,0,-5.11,-0.35,150221600,6516864,7165637,493558,157387237,7010422,3756597686
,9,2022-04-19 00:00:00,VN30-Index,1468.25,1471.63,1440.61,1478.5,1440.61,0,-27.64,-1.88,156620100,7166539,12955058,1154632,169575158,8321171,3800127407
,10,2022-04-18 00:00:00,VN30-Index,1493.74,1493.17,1468.25,1493.24,1466.73,0,-25.49,-1.71,194441900,8909565,9416300,578891,203858200,9488456,3858810516
,11,2022-04-15 00:00:00,VN30-Index,1518.01,1514.89,1493.74,1518.85,1491.26,0,-24.27,-1.6,181765300,8058175,7711000,514572,189476300,8572747,3925991542
,12,2022-04-14 00:00:00,VN30-Index,1525.39,1526.49,1518.01,1534.28,1517.07,0,-7.38,-0.48,119609300,6249574,12759195,940938,132368495,7190512,3934884411
,13,2022-04-13 00:00:00,VN30-Index,1507.2,1512.37,1525.39,1526.44,1506.45,0,18.19,1.21,143871600,7031434,16272904,1897893,160144504,8929327,3957373548
,14,2022-04-12 00:00:00,VN30-Index,1524.31,1530.3,1507.2,1532.03,1506.41,0,-17.11,-1.12,152481700,7257148,9142437,684086,161624137,7941234,3913322368
,15,2022-04-08 00:00:00,VN30-Index,1541.96,1541.78,1524.31,1547.6,1524.31,0,-17.65,-1.14,156336400,7686068,6394224,655641,162730624,8341709,4005065852
,16,2022-04-07 00:00:00,VN30-Index,1557.11,1561.14,1541.96,1566.09,1541.96,0,-15.15,-0.97,198966000,9163884,18810040,1477105,217776040,10640989,4047916724
,17,2022-04-06 00:00:00,VN30-Index,1539.2,1534.23,1557.11,1558.41,1529.23,0,17.91,1.16,203573500,10238061,11192897,781520,214766397,11019581,4094820265
,18,2022-04-05 00:00:00,VN30-Index,1548.04,1544.34,1539.2,1549.77,1539.2,0,-8.84,-0.57,125174200,6116753,5133400,408808,130307600,6525561,4063210813
,19,2022-04-04 00:00:00,VN30-Index,1542.47,1558.21,1548.04,1558.98,1546.46,0,5.57,0.36,160184300,7897252,5750030,402673,165934330,8299925,4079128393
,20,2022-04-01 00:00:00,VN30-Index,1508.53,1509.01,1542.47,1542.47,1506.11,0,33.94,2.25,195611900,9723873,4925525,303241,200537425,10027114,4051439397
,21,2022-03-31 00:00:00,VN30-Index,1500.23,1502.38,1508.53,1512.47,1500.67,0,8.3,0.55,121691400,6042604,9207900,410680.08,130899300,6453284,3977954160
,22,2022-03-30 00:00:00,VN30-Index,1500.57,1497.98,1500.23,1513.91,1496.59,0,-0.34,-0.02,163897200,7476951,7658300,480268,171555500,7957219,3963355563
,23,2022-03-29 00:00:00,VN30-Index,1484.16,1484.95,1500.57,1501.05,1484.95,0,16.41,1.11,110331000,5991800,9130668,532392,119461668,6524192,3965490702
,24,2022-03-28 00:00:00,VN30-Index,1498.36,1493.12,1484.16,1497.06,1477.72,0,-14.2,-0.95,177240800,8119208,20198266,982814,197439066,9102022,3923540924
,25,2022-03-25 00:00:00,VN30-Index,1497.44,1499.34,1498.36,1503.18,1494.28,0,0.92,0.06,109442400,5531909,19421117,942671,128863517,6474580,3966585407
,26,2022-03-24 00:00:00,VN30-Index,1505.59,1506.49,1497.44,1506.79,1496.96,0,-8.15,-0.54,115640400,5824442,8372081,473032,124012481,6297474,3973062518
,27,2022-03-23 00:00:00,VN30-Index,1513.4,1514.61,1505.59,1519.58,1505.59,0,-7.81,-0.52,132331300,6139380,36529032,2297091,168860332,8436471,4000766516
,28,2022-03-22 00:00:00,VN30-Index,1502.67,1507.38,1513.4,1516.7,1506.1,0,10.73,0.71,155225300,7342573,11901868,612046,167127168,7954619,4018791792
,29,2022-03-21 00:00:00,VN30-Index,1476.94,1480.29,1502.67,1502.67,1480.29,0,25.73,1.74,124702300,6206386,15767200,917175,140469500,7123561,3994991218
,30,2022-03-18 00:00:00,VN30-Index,1469.92,1474.02,1476.94,1482.96,1474.02,0,7.02,0.48,148418800,7344314,23746200,1163957,172165000,8508271,3919093106
,31,2022-03-17 00:00:00,VN30-Index,1472.69,1480.32,1469.92,1480.86,1469.92,0,-2.77,-0.19,109378100,5062929,21303900,1417389,130682000,6480318,3895501281
,32,2022-03-16 00:00:00,VN30-Index,1468.89,1475.17,1472.69,1478.42,1467.95,0,3.8,0.26,106836400,4954833,11383074,661854,118219474,5616687,3893469219
,33,2022-03-15 00:00:00,VN30-Index,1461.1,1461.4,1468.89,1469.52,1455.16,0,7.79,0.53,136415100,6292275,8704960,548380,145120060,6840655,3880723536
,34,2022-03-14 00:00:00,VN30-Index,1477.14,1471.44,1461.1,1473.98,1454.34,0,-16.04,-1.09,177210100,8000447,14850634,917061,192060734,8917508,3871462788
,35,2022-03-11 00:00:00,VN30-Index,1490.24,1487.92,1477.14,1490.83,1469.22,0,-13.1,-0.88,178186800,8074588,5437600,348980,183624400,8423568,3923500749
,36,2022-03-10 00:00:00,VN30-Index,1489.25,1491.9,1490.24,1505.5,1490.24,0,0.99,0.07,148748300,6958315,7186497,451775,155934797,7410090,3960118789
,37,2022-03-09 00:00:00,VN30-Index,1490.17,1493.96,1489.25,1497.75,1485.15,0,-0.92,-0.06,190158600,8711867,12951000,939418,203109600,9651285,3957178355
,38,2022-03-08 00:00:00,VN30-Index,1509.12,1500.07,1490.17,1506.65,1486.68,0,-18.95,-1.26,222308000,10191968,10630757,753616,232938757,10945584,3962419889
,39,2022-03-07 00:00:00,VN30-Index,1525.34,1514.76,1509.12,1518.32,1505.79,0,-16.22,-1.06,222534800,10298653,20526685,1038268,243061485,11336921,4023803633
,40,2022-03-04 00:00:00,VN30-Index,1522.49,1525.23,1525.34,1529.93,1519.97,0,2.85,0.19,220071600,10049011,28296960,1253078,248368560,11302089,4052055249
,41,2022-03-03 00:00:00,VN30-Index,1498.61,1507.53,1522.49,1522.49,1502.41,0,23.88,1.59,244078000,10737941,7128070,542397,251206070,11280338,4060225283
,42,2022-03-02 00:00:00,VN30-Index,1520.12,1516.31,1498.61,1517.49,1495.16,0,-21.51,-1.42,291452900,12025574,10374898,539470,301827798,12565044,4009495637
,43,2022-03-01 00:00:00,VN30-Index,1517.18,1521.44,1520.12,1525,1515.49,0,2.94,0.19,187030700,7948562,4104043,243188,191134743,8191750,4051916680
,44,2022-02-28 00:00:00,VN30-Index,1526.5,1525.58,1517.18,1533.32,1512.45,0,-9.32,-0.61,193571200,8399610,5859625,344474.15375,199430825,8744084,4032786870
,45,2022-02-25 00:00:00,VN30-Index,1522.04,1531.97,1526.5,1540.13,1526.5,0,4.46,0.29,198105100,8886771,6696520,321558,204801620,9208329,4062350297
,46,2022-02-24 00:00:00,VN30-Index,1538.83,1537.5,1522.04,1540.13,1503.22,0,-16.79,-1.09,275311400,11742282,4530000,247478,279841400,11989760,4063239866
,47,2022-02-23 00:00:00,VN30-Index,1532.36,1536.6,1538.83,1547.19,1534.19,0,6.47,0.42,158142200,7077597,5245350,315063,163387550,7392660,4108827461
,48,2022-02-22 00:00:00,VN30-Index,1533.4,1532.07,1532.36,1532.36,1510.07,0,-1.04,-0.07,223625500,9491550,9318100,536492,232943600,10028042,4093881010
,49,2022-02-21 00:00:00,VN30-Index,1531.47,1530.65,1533.4,1537.56,1522.48,0,1.93,0.13,163183400,6929424,8791800,471893,171975200,7401317,4102010569
,50,2022-02-18 00:00:00,VN30-Index,1540.51,1525.21,1531.47,1533.53,1523.88,0,-9.04,-0.59,155104600,6900923,10630600,451271,165735200,7352194,4093200968
,51,2022-02-17 00:00:00,VN30-Index,1521.47,1521.37,1540.51,1540.51,1521.37,0,19.04,1.25,146568200,6471369,6991000,436690,153559200,6908059,4123858589
,52,2022-02-16 00:00:00,VN30-Index,1527.36,1534.39,1521.47,1534.5,1517.52,0,-5.89,-0.39,122057100,5399353,4943734,326311,127000834,5725664,4071127755
,53,2022-02-15 00:00:00,VN30-Index,1505.07,1508.25,1527.36,1530.04,1507.87,0,22.29,1.48,180952200,7741433,14769700,913423,195721900,8654856,4093264896
,54,2022-02-14 00:00:00,VN30-Index,1545.92,1530.5,1505.07,1536.77,1505.07,0,-40.85,-2.64,254064100,10961492,11303254,828652,265367354,11790144,4031200038
,55,2022-02-11 00:00:00,VN30-Index,1548.95,1544.76,1545.92,1549.37,1540.5,0,-3.03,-0.2,167675800,7516212,28285583,1943114.45206,195961383,9459326,4123397135
,56,2022-02-10 00:00:00,VN30-Index,1552.44,1554.98,1548.95,1557.89,1536.02,0,-3.49,-0.22,225002900,9955716,18071320,772652,243074220,10728368,4144782934
,57,2022-02-09 00:00:00,VN30-Index,1550.46,1554.59,1552.44,1570.32,1552.44,0,1.98,0.13,230550700,10829414,15770140,810928,246320840,11640342,4144658524
,58,2022-02-08 00:00:00,VN30-Index,1541.25,1539.49,1550.46,1555.01,1537.16,0,9.21,0.6,218959100,9652294,11373499,616840,230332599,10269134,4146999901
,59,2022-02-07 00:00:00,VN30-Index,1532.24,1548.38,1541.25,1555.01,1541.25,0,9.01,0.59,182867100,8214556,8302856,473896,191169956,8688452,4144635370
,60,2022-01-28 00:00:00,VN30-Index,1516.57,1516.4,1532.24,1535.57,1515.85,0,15.67,1.03,194567300,8410730,14659481,688148,209226781,9098878,4106613997
,61,2022-01-27 00:00:00,VN30-Index,1525.31,1517.69,1516.57,1528.67,1508.77,0,-8.74,-0.57,121639400,5324575,14082500,846570.676,131226400,5882835,4090740366
,62,2022-01-26 00:00:00,VN30-Index,1516.16,1519.9,1525.31,1533.61,1516.96,0,9.15,0.6,236863500,10128745,15456100,845933,252319600,10974678,4121129039
,63,2022-01-25 00:00:00,VN30-Index,1471.31,1471.56,1516.16,1516.16,1466.07,0,44.85,3.05,191549000,8373137,14847900,968767,206396900,9341904,4108886555
,64,2022-01-24 00:00:00,VN30-Index,1502.16,1496.36,1471.31,1499.22,1465.76,0,-30.85,-2.05,243478300,10233578,11199320,635128,254677620,10868706,3983522515
,65,2022-01-21 00:00:00,VN30-Index,1492.81,1497.61,1502.16,1508.65,1492.5,0,9.35,0.63,218982600,9014694,16627186,875787,235609786,9890481,4050420881
,66,2022-01-20 00:00:00,VN30-Index,1482.55,1479.81,1492.81,1499.47,1474.67,0,10.26,0.69,163721300,7004602,10886000,691615,174607300,7696217,4023818954
,67,2022-01-19 00:00:00,VN30-Index,1477.06,1479.74,1482.55,1491,1475.06,0,5.49,0.37,142261000,6211770,43189470,5324981,185450470,11536751,3979412901
,68,2022-01-18 00:00:00,VN30-Index,1478.61,1473.04,1477.06,1489.13,1464.41,0,-1.55,-0.1,214017600,8777627,8822479,690012,222840079,9467639,3974444873
,69,2022-01-17 00:00:00,VN30-Index,1523.57,1523.17,1478.61,1529.28,1478.61,0,-44.96,-2.95,290137800,11887372,19813280,1009123,309951080,12896495,3980802416
,70,2022-01-14 00:00:00,VN30-Index,1526.43,1523.96,1523.57,1530.2,1513.17,0,-2.86,-0.19,135949400,5717105,11815700,699823,147765100,6416928,4076118125
,71,2022-01-13 00:00:00,VN30-Index,1530.04,1533.38,1526.43,1548.49,1524.66,0,-3.61,-0.24,308816900,12449320,10761205,780432,319578105,13229752,4068039315
,72,2022-01-12 00:00:00,VN30-Index,1499.74,1498.63,1530.04,1530.04,1484.93,0,30.3,2.02,282093000,11202717,6535071,381584,288628071,11584301,4079571560
,73,2022-01-11 00:00:00,VN30-Index,1514.7,1516.74,1499.74,1519.84,1497.78,0,-14.96,-0.99,187023400,7890099,11916546,706923,198939946,8597022,4004686706
,74,2022-01-10 00:00:00,VN30-Index,1532.24,1531.13,1514.7,1537.71,1514.7,0,-17.54,-1.14,200034100,8739928,26481925,1851745,226516025,10591673,4040782958
,75,2022-01-07 00:00:00,VN30-Index,1544.95,1548.77,1532.24,1550.47,1532.24,0,-12.71,-0.82,200626600,8731035,15203621,1167841,215830221,9898876,4089301635
,76,2022-01-06 00:00:00,VN30-Index,1546.01,1542.34,1544.95,1554.97,1541.19,0,-1.06,-0.07,231961100,10155697,14854270,1100244,246815370,11255941,4020863581
,77,2022-01-05 00:00:00,VN30-Index,1558.87,1559.33,1546.01,1562.93,1546.01,0,-12.86,-0.82,222221200,9606722,11618300,754039,233839500,10360761,4011278527
,78,2022-01-04 00:00:00,VN30-Index,1535.71,1536.45,1558.87,1562.54,1536.45,0,23.16,1.51,207489800,9487450,9055939,556596,216545739,10044046,4031869073
